Levpoint_P=
11100000
11200000
11300000
11400000
11500000
12000000
*
Landforms_P=
22190000
22241000
22250000
22310000
22421000
22422000
22520000
22521000
22521000
22522000
22611000
22612000
22640000
*
Reservoirs_P=
31131000
31132000
31133000
31134000
*
Waterworks_P=
31320000
31332000
31333000
31334000
31510000
31611000
31620000
31630000
31631000
31632000
31633000
31633100
31634000
31635000
31636000
31650000
31662000
32251000
32360000
32383200
32410000
32420000
32430000
32440000
32441000
32442000
32450000
32460000
32470000
33130000
34000000
*
Settlements_P=
41000000
42100000
42300000
*
Buildings_P=
44100000
44200000
46100000
47120000
48100000
48300000
48400000
48500000
48600000
48700000
*
Industrial_P=
51111000
51112000
51113000
51118000
51121100
51121200
51121300
51121310
51121320
51122000
51123000
51123100
51123200
51123210
51124100
51124200
51124220
51125000
51125100
51130000
51131000
51132000
51140000
51151000
51152000
51153100
51153200
51160000
51170000
51211100
51220000
51230000
51410000
51420000
51430000
51440000
51460000
51461100
51470000
51480000
51490000
51500000
*
Agricultural_property_P=
52100000
52400000
52510000
52540000
*
Socio-cultural_facilities_P=
53120000
53140000
53160000
53170000
53180000
53191000
53210000
53220000
53310000
53320000
53330000
53340000
53350000
53360000
53410000
53420000
53430000
53440000
53450000
53461000
53462000
53463000
53521000
53522000
53530000
53535200
53536000
53540000
53550000
53600000
53700000
54100000
*
Road_construction_P=
62132100
62143000
62144000
*
Woody_vegetation_P=
71111110
71111110
71111140
71111200
71111210
71111220
71112100
71112200
71112300
71113200
71114000
71132000
71132000
*
Shrub_vegetation_P=
71211100
71211200
71214000
71222000
*
Primers_P=
72240000
72319000
72320000
72331000
72331100
72331200
72331300
72332000
72333000
72340000
76210000
76220000
76240000
*
Boundaries_P=
81120000
81122100
81122200
81130000
81210000
*
Air_data_P=
85200000
*
#
Horizontal_L2=
23100000
*
Featred_coastal_strip_L2=
31220000
31260000
31335100
31335200
31522000
31523000
31531000
31532000
31550000
31610000
31612000
*
Waterworks_L2=
32110000
32112000
32113000
32120000
32121000
32160000
32210000
32220000
32230000
32240000
32251000
32252000
32260000
32330000
32340000
32383100
33111100
33112100
33113000
33113100
33113200
33113300
33120000
33121000
33122000
33122100
33122110
*
Bildings_L2=
42200000
43300000
44000000
47110000
47120000
49600000
*
Industrial_L2=
51111000
51117000
51121200
51121300
51121310
51121320
51130000
51131000
51132000
51140000
51211100
51212000
51450000
51452000
51453000
51461100
51470000
51500000
*
Agricltral_property_L2=
52100000
52300000
52530000
53194000
*
Socio-cltral_facilities_L2=
53210000
53230000
53240000
53310000
53320000
53360000
53510000
53511000
53512000
53600000
53700000
*
Road_constrction_L2=
61820000
61910000
61920000
61950000
61960000
61970000
61981000
62110000
62120000
62131000
62132000
62133000
62134000
62135000
62136000
62141000
62142000
62142100
62143230
62145000
62145100
62210000
62213100
62213200
62214100
62220000
62230000
62310000
62315000
62315300
62317000
62317100
62317200
62317300
62318000
62319100
62320000
62324000
62330000
62331000
62332000
62340000
62370000
62370001
63100000
63200000
63300000
63400000
63910000
63911000
*
Woody_vegetation_L2=
71111110
71224000
71323000
*
#
Mathematical_elements_L=
T1300000
13110000
13111000
13120000
13121000
13210000
13220000
13230000
13240000
13250000
13410000
13420000
13510000
13520000
*
Horizontal_L=
21100000
21200000
21300000
21400000
21600000
*
Landforms_L=
22111000
22121000
22130000
22140000
22150000
22151000
22160000
22211000
22212000
22212100
22214000
22221000
22222100
22230000
22260000
22262000
22320000
22410000
22412100
22613000
22621000
22630000
22631000
22650000
22660000
22670000
*
Reservoirs_L=
31135100
31242000
31310000
31331000
31335100
31335200
31431100
31431110
33111000
33112000
33200000
*
Streams_L=
31410000
31420000
31431000
31432000
31521000
31531000
31540000
31700000
*
Waterworks_L=
32110000
32110100
32112000
32113000
32120000
32121000
32121100
32130000
32132000
32140000
32151000
32152000
32153000
32160000
32230000
32260000
32310000
32320000
32330000
32331000
32340000
32345000
32350000
32480000
33113000
33113100
33113200
33120000
33121000
33122000
33130000
*
Buildings_L=
44200000
47110000
47120000
*
Streets_L=
45200000
45280000
45310000
46710000
46720000
*
Industrial_L=
51115000
51124230
51131000
51132000
51140000
51153200
51212000
51310000
51320000
51322000
51330000
51340000
51350000
51500000
*
Agricultural_property_L=
52100000
52310000
52311000
52530000
*
Socio-cultural_facilities_L=
53130000
53140000
53151000
53180000
53310000
53320000
53360000
53600000
53700000
54200000
*
Road_network_L=
61111000
61112000
61113000
61114000
61121000
61121100
61121200
61122100
61122200
61123000
61124000
61210000
61220000
61230000
61310000
61320000
61321000
61330000
61331000
61410000
61420000
61441000
61500000
61600000
61640000
61650000
61700000
61720000
61810000
61910000
61931000
61934000
61940000
*
Road_construction_L=
62110000
62120000
62132000
62134000
62135000
62145100
62215000
62230000
62310000
62311000
62312000
62313000
62313000
62314000
62315000
62315100
62315300
62317000
62317100
62317200
62317300
62319100
62319400
62320000
62321000
62322000
62324000
62325000
62330000
62340000
62341000
62343000
62350000
62351000
62360000
62370000
62380000
62391000
62391300
62392000
*
Woody_vegetation_L=
71111110
71113000
71113100
71121200
71121300
71131000
*
Shrub_vegetation_L=
71211200
71224000
*
Herbaceous_vegetation_L=
71311000
71312000
71313000
71314000
71315000
71323000
71610000
72130000
76100000
*
Pointers_L=
79820000
79999000
*
Boundaries_L=
81110000
81111100
81111200
81112000
81112100
81140000
81200000
*
Protections_L=
82100000
82200000
82210000
82220000
82300000
82320000
83000000
84000000
*
Air_data_L=
85100000
85310000
*
#
Landforms_R=
21500000
22110000
22120000
22140000
22150000
22160000
22211000
22212000
22221000
22222000
22230000
22241000
22242000
22250000
22260000
22320000
22340000
22410000
22421000
22422000
22431000
22432000
22510000
22511000
22520000
22521000
22522000
22620000
22630000
*
Hypsometric_tinting_R=
24100000
24200000
24300000
24400000
24500000
*
Reservoirs_R=
31110000
31120000
31131000
31132000
31133000
31134000
31140000
*
Featred_coastal_strip_R=
31211000
31212000
31220000
31230000
31250000
31260000
31331000
31334000
31335200
31431100
*
Streams_R=
31410000
31431000
31432000
*
Waterworks_R=
32110000
32120000
32130000
32210000
32220000
32230000
32240000
32260000
32330000
32371000
32372000
32373000
34000000
*
Settlements_R=
41000000
41100000
41110000
41120000
41200000
42100000
42200000
43100000
43200000
43300000
43400000
45400000
*
Buildings_R=
44100000
44200000
47110000
47120000
*
Quarter_R=
45100000
45110000
45120000
45130000
45140000
45160000
*
Streets_R=
45200000
45300000
45310000
*
Construction_area_R=
45510000
45520000
*
Industrial_R=
51111000
51112000
51113000
51114000
51117000
51118000
51121100
51121200
51121300
51121310
51121320
51122000
51123000
51123100
51123200
51124200
51125000
51130000
51131000
51132000
51133100
51140000
51153100
51153200
51160000
51211000
51211100
51212000
51220000
51230000
51410000
51450000
51452000
51453000
51460000
51460000
51480000
51490000
51500000
51710000
51731000
*
Agricultural_property_R=
52100000
52300000
52310000
52400000
52510000
52530000
*
Socio-cultural_facilities_R=
53120000
53130000
53140000
53151000
53152000
53160000
53180000
53210000
53220000
53230000
53240000
53310000
53320000
53330000
53350000
53360000
53410000
53420000
53430000
53440000
53510000
53511000
53512000
53521000
53530000
53550000
53600000
53637000
53638000
53700000
87000000
*
Road_network_R=
61210000
61220000
61230000
61310000
61420000
61970000
*
Road_construction_R=
62110000
62120000
62131000
62132000
62133000
62134000
62135000
62145100
62230000
62240000
62310000
62311000
62312000
62313000
62314000
62315000
62321000
62322000
62324000
62325000
62340000
62343000
62350000
62360000
62391000
62391300
*
Woody_vegetation_R=
71100000
71111110
71111120
71111140
71111200
71111210
71111220
71112100
71112200
71112300
71113000
71113100
71113200
71114000
71120000
71121000
71121200
71121300
71122000
71123000
*
Shrub_vegetation_R=
71211100
71211200
71212000
71213000
71214000
71221000
71222000
71223000
*
Herbaceous_vegetation_R=
71311000
71312000
71313000
71314000
71315000
71321000
71322100
71322200
71323000
71324100
71324700
71325000
71410000
71420000
71500000
71510000
71520000
*
Objects_vegetation_R=
71610000
71620000
71630000
*
Primers_R=
72110000
72120000
72130000
72210000
72221000
72222000
72223000
72231000
72240000
72250000
72251000
72252000
72253000
72254000
72255000
72310000
72320000
72321000
72322000
72330000
72340000
*
Protections_R=
82200000
*
Air_data_R=
85300000
*
#
Names_P=
91000000
91100000
92000000
93000000
*
#
@



